((("/" .
   [1])
  ("cd" .
   [2 0])
  ("helm" .
   [0 0 1 0])
  ("emacs" .
   [1 0 0 1 0])
  ("command" .
   [2 0 0 0 0 0 0])
  ("for" .
   [1 0 0])
  ("find-cpp-files" .
   [0 0 0 0 0 0 1 0 0 0 0 0 0 0])
  ("get-buffer" .
   [0 0 0 0 1 0 0 0 0 0])
  ("endl" .
   [0 0 0 1])
  ("layout" .
   [0 0 0 1 0 1])
  ("graph" .
   [1 0 0 0 0])
  ("Graph" .
   [0 0 0 2 0])
  ("IMAGE" .
   [0 0 0 1 0])
  ("PAGE" .
   [0 0 1 0])
  ("cat" .
   [1 0 0])
  ("wget" .
   [1 0 0 1])
  ("PAGES" .
   [0 0 1 0 2])
  ("MAIN_URL" .
   [0 0 1 0 3 0 0 0])
  ("MAIL" .
   [0 0 1 0])
  ("INDEX" .
   [0 0 2 0 0])
  ("white" .
   [0 0 0 2 0])
  ("black" .
   [0 0 0 4 0])
  ("AUCTeX" .
   [0 0 0 0 1 0])
  ("nil" .
   [2 0 0])
  ("cua-enable-cua-keys" .
   [1 0 0 0 0 0 0 0 0 0 0 0 0 0 0 0 0 0 0])
  ("dir-name" .
   [0 0 0 0 1 0 0 0])
  ("setq" .
   [2 0 0 0])
  ("etag_dir" .
   [0 0 0 2 0 0 0 0])
  ("cout" .
   [0 0 0 1])
  ("wily" .
   [1 0 0 1])
  ("de/apt/wily" .
   [1 0 0 0 0 0 0 0 0 0 0])
  ("$ls_second" .
   [0 0 0 1 0 0 0 0 0 0])
  ("echo" .
   [2 0 0 0])
  ("$second" .
   [1 0 0 0 0 0 0])
  ("$ls_first" .
   [0 0 0 0 0 1 0 0 0])
  ("directory" .
   [0 0 1 0 1 0 0 0 0])
  ("Content" .
   [0 0 0 1 0 0 0])
  ("the" .
   [2 0 0])
  ("second" .
   [0 0 1 0 0 0])
  ("kill-buffer" .
   [0 0 0 0 0 0 0 0 0 0 1])
  ("flycheck" .
   [0 0 0 0 0 0 1 0])
  ("require" .
   [1 0 0 0 0 0 0])
  ("flyspell-mode" .
   [0 0 0 1 0 0 0 0 0 0 0 0 0])
  ("add" .
   [3 0 0])
  ("YASnippet" .
   [0 0 0 1 0 0 0 0 0])
  ("/emacs/" .
   [0 0 0 1 0 0 1])
  ("el" .
   [2 0])
  ("load-file" .
   [0 0 0 0 0 1 0 0 0])
  ("std" .
   [0 0 1])))
